        C 1.620992 -0.376651 -0.123856
        C 0.272205 -0.286973 -0.192632
        C -0.652798 -0.627825 0.895293
        H -0.181057 -0.043606 -1.147400
        C -0.420718 -1.549088 1.831111
        C -1.362069 -1.893071 2.941155
        H 0.839736 1.842541 0.999262
        H 0.508386 -2.115703 1.792446
        H -2.270805 -1.288951 2.898570
        H -0.887854 -1.732006 3.914798
        H -1.646424 -2.949222 2.898305
        O 0.542068 1.889074 0.080463
        H -1.597225 -0.089162 0.895688
        H 2.237105 -0.173530 -0.989720
        H 2.124622 -0.615282 0.807688