        C -0.542267 -0.500521 1.286073
        C 0.038483 -0.389045 0.092760
        H -0.576481 -0.326373 -0.803284
        H -1.620332 -0.532975 1.390334
        H 0.047287 -0.557400 2.195701
        C 1.485981 -0.353915 -0.105693
        C 2.057671 -0.423528 -1.341535
        H 2.105169 -0.499922 0.773091
        O 2.015907 1.700174 -0.046219
        H 1.212895 2.033262 -0.466779
        C 3.521059 -0.519907 -1.590947
        H 3.866240 0.350986 -2.156113
        H 3.754960 -1.408582 -2.187123
        H 4.083066 -0.561780 -0.656888
        H 1.406790 -0.363447 -2.212408